[
  {
    "frame_id": 2,
    "timestamp": 1305031453.423683,
    "R": [
      [
        0.9987830698778122,
        -0.04324619143729892,
        0.02370962360776616
      ],
      [
        0.04325859191972517,
        0.9990639089280079,
        -1.0129750762369935e-05
      ],
      [
        -0.023686991167645954,
        0.0010357623557821754,
        0.999718887310711
      ]
    ],
    "t": [
      0.0025945574204092785,
      0.006075014809248019,
      -0.01726871545237979
    ]
  },
  {
    "frame_id": 3,
    "timestamp": 1305031453.459685,
    "R": [
      [
        0.9975844720463268,
        -0.060065051344121295,
        0.03489141354372878
      ],
      [
        0.06036801231305518,
        0.998146531863569,
        -0.007694414734070833
      ],
      [
        -0.034364578004425515,
        0.009782153942621248,
        0.9993614887731169
      ]
    ],
    "t": [
      0.008224774887447248,
      0.011155473948814696,
      -0.02647795532911562
    ]
  },
  {
    "frame_id": 4,
    "timestamp": 1305031453.491698,
    "R": [
      [
        0.9955797334424156,
        -0.0814267254844333,
        0.046804729842309274
      ],
      [
        0.08225641077681463,
        0.9964814779659399,
        -0.016079395415624708
      ],
      [
        -0.04533075385259715,
        0.019858309286009672,
        0.9987746343932932
      ]
    ],
    "t": [
      0.012756053160646496,
      0.016578882852324565,
      -0.037686099928653655
    ]
  },
  {
    "frame_id": 5,
    "timestamp": 1305031453.523684,
    "R": [
      [
        0.9933460376420267,
        -0.09978022069594161,
        0.05751136460521964
      ],
      [
        0.10170812351901269,
        0.9943115105884751,
        -0.0316240023005623
      ],
      [
        -0.054028761887781426,
        0.037262950354660554,
        0.997843858236217
      ]
    ],
    "t": [
      0.01313194200738097,
      0.025485608854211222,
      -0.050366533464365336
    ]
  },
  {
    "frame_id": 6,
    "timestamp": 1305031453.559753,
    "R": [
      [
        0.9916165098537052,
        -0.11236011010537514,
        0.06381146482149169
      ],
      [
        0.11530124877050028,
        0.992336092485604,
        -0.04443761449904981
      ],
      [
        -0.05832940439880818,
        0.05142261377556502,
        0.9969721136395788
      ]
    ],
    "t": [
      0.014141718027172054,
      0.029888066673397665,
      -0.06462596812353055
    ]
  },
  {
    "frame_id": 7,
    "timestamp": 1305031453.59164,
    "R": [
      [
        0.990243528959575,
        -0.12066049229975573,
        0.06970508555096935
      ],
      [
        0.1248773345922735,
        0.9903758938388223,
        -0.059676127623054825
      ],
      [
        -0.061833685470112004,
        0.06779848450322723,
        0.9957810807804338
      ]
    ],
    "t": [
      0.014658843847482181,
      0.03824170467056268,
      -0.08033322587321688
    ]
  },
  {
    "frame_id": 8,
    "timestamp": 1305031453.627706,
    "R": [
      [
        0.9887108092217061,
        -0.12793695514341652,
        0.07799404616245112
      ],
      [
        0.13358839749666604,
        0.9884078767424658,
        -0.07213881928423323
      ],
      [
        -0.06786070867911619,
        0.08174353003193549,
        0.9943404444733636
      ]
    ],
    "t": [
      0.004803650270036078,
      0.04390357935552286,
      -0.09579987469079095
    ]
  },
  {
    "frame_id": 9,
    "timestamp": 1305031453.6596,
    "R": [
      [
        0.9894165319837858,
        -0.1220218102460592,
        0.07852136054254849
      ],
      [
        0.12883704858596234,
        0.9877057381005601,
        -0.08853468153715925
      ],
      [
        -0.06675283626061553,
        0.0977141379100412,
        0.9929733159071602
      ]
    ],
    "t": [
      -0.00939232894601699,
      0.05173926273153752,
      -0.11178692659806354
    ]
  },
  {
    "frame_id": 10,
    "timestamp": 1305031453.691678,
    "R": [
      [
        0.9913560163209938,
        -0.1127406798524403,
        0.06710281671121604
      ],
      [
        0.1192870239112417,
        0.9874789488792448,
        -0.1032275711558725
      ],
      [
        -0.054624672361199014,
        0.11033976901712018,
        0.9923916971350981
      ]
    ],
    "t": [
      -0.01228263597831492,
      0.0605899716102237,
      -0.12652891641034994
    ]
  },
  {
    "frame_id": 11,
    "timestamp": 1305031453.727652,
    "R": [
      [
        0.9929576516039859,
        -0.10304269928376195,
        0.05845771330982385
      ],
      [
        0.10923016756258946,
        0.9873419389476653,
        -0.11499854820524202
      ],
      [
        -0.045867991184986266,
        0.12057403418390276,
        0.9916441043364667
      ]
    ],
    "t": [
      -0.02164129894936705,
      0.07234961298200279,
      -0.14182104393899791
    ]
  },
  {
    "frame_id": 12,
    "timestamp": 1305031453.759694,
    "R": [
      [
        0.9950959903962469,
        -0.08846368444773614,
        0.044250948365475405
      ],
      [
        0.09332994203466202,
        0.9879085764298574,
        -0.12379889553683081
      ],
      [
        -0.032764184975659486,
        0.1273217230101128,
        0.9913201738250952
      ]
    ],
    "t": [
      -0.03403127145992821,
      0.07725281731669419,
      -0.1532966160051948
    ]
  },
  {
    "frame_id": 13,
    "timestamp": 1305031453.791716,
    "R": [
      [
        0.9969357527449265,
        -0.07401853004764054,
        0.025305377066806665
      ],
      [
        0.0767827991848243,
        0.9877676125802819,
        -0.13571862542331134
      ],
      [
        -0.014950138736803592,
        0.1372457676835125,
        0.9904241983133861
      ]
    ],
    "t": [
      -0.04176745625209579,
      0.08817179126006755,
      -0.16706987881698754
    ]
  },
  {
    "frame_id": 14,
    "timestamp": 1305031453.827773,
    "R": [
      [
        0.9980136022676294,
        -0.06198249800397522,
        0.011270298575335598
      ],
      [
        0.06295370724659473,
        0.9879785343745602,
        -0.1411922319357765
      ],
      [
        -0.0023833658342876855,
        0.14162127508352432,
        0.9899180440880027
      ]
    ],
    "t": [
      -0.051875290264827366,
      0.0951141572168936,
      -0.17890018787405615
    ]
  },
  {
    "frame_id": 15,
    "timestamp": 1305031453.859705,
    "R": [
      [
        0.9989010784783209,
        -0.04637438071699433,
        -0.006786179187348493
      ],
      [
        0.04488485148228448,
        0.9882234823362233,
        -0.1462863598107545
      ],
      [
        0.013490200971846276,
        0.14582100593667405,
        0.9892190094743204
      ]
    ],
    "t": [
      -0.07213917872312216,
      0.10352694447897741,
      -0.19079299678947834
    ]
  },
  {
    "frame_id": 16,
    "timestamp": 1305031453.89171,
    "R": [
      [
        0.9987485651976734,
        -0.035458880375231726,
        -0.03526997757475484
      ],
      [
        0.029863200313137193,
        0.9885119937932159,
        -0.1481628408003118
      ],
      [
        0.04011848430145568,
        0.14692415025956795,
        0.9883338511291909
      ]
    ],
    "t": [
      -0.09001373960957987,
      0.11400833275113245,
      -0.19738957940822494
    ]
  },
  {
    "frame_id": 17,
    "timestamp": 1305031453.927723,
    "R": [
      [
        0.9969609252762531,
        -0.02788883996528821,
        -0.07274012701190251
      ],
      [
        0.017142774020350367,
        0.9893745866431907,
        -0.14437469516332416
      ],
      [
        0.07599367586322145,
        0.142688962116928,
        0.9868458954258206
      ]
    ],
    "t": [
      -0.10044699970810779,
      0.1200470322694786,
      -0.20430706027879203
    ]
  },
  {
    "frame_id": 18,
    "timestamp": 1305031453.959641,
    "R": [
      [
        0.9942254238561147,
        -0.01348494372061194,
        -0.10646108608773891
      ],
      [
        -0.001519060396198627,
        0.9902052464983383,
        -0.13961111081385227
      ],
      [
        0.10730097396408725,
        0.13896663664353745,
        0.984466746460408
      ]
    ],
    "t": [
      -0.10999073224311078,
      0.125418071885995,
      -0.21198708355340976
    ]
  },
  {
    "frame_id": 19,
    "timestamp": 1305031453.991624,
    "R": [
      [
        0.9909913105340941,
        0.006241525210569359,
        -0.1337806630607151
      ],
      [
        -0.024028566051924424,
        0.9909905100081671,
        -0.13175901140810545
      ],
      [
        0.1317529903243454,
        0.1337865928888197,
        0.9822129591406307
      ]
    ],
    "t": [
      -0.11650721006151889,
      0.12276372116853175,
      -0.21516094615859488
    ]
  },
  {
    "frame_id": 20,
    "timestamp": 1305031454.027662,
    "R": [
      [
        0.9870964056028741,
        0.02495405812662692,
        -0.15817073379389487
      ],
      [
        -0.04611795338012898,
        0.9902318292017669,
        -0.1315828971095826
      ],
      [
        0.15334216778797174,
        0.13717951530288944,
        0.9786051094079521
      ]
    ],
    "t": [
      -0.12955900102092907,
      0.12253338781032856,
      -0.2241683982435505
    ]
  },
  {
    "frame_id": 21,
    "timestamp": 1305031454.059654,
    "R": [
      [
        0.982123572828436,
        0.04710704957291353,
        -0.18224767097343883
      ],
      [
        -0.07215512833646737,
        0.9884388115078756,
        -0.13335049066143825
      ],
      [
        0.17385892312290352,
        0.14411676441494747,
        0.9741680722878937
      ]
    ],
    "t": [
      -0.14068387717098094,
      0.13026066491176716,
      -0.22837245730687322
    ]
  },
  {
    "frame_id": 22,
    "timestamp": 1305031454.091651,
    "R": [
      [
        0.9759390559113184,
        0.07400556183137158,
        -0.20510030708155408
      ],
      [
        -0.10155967589878145,
        0.9866582522867946,
        -0.1272443532173531
      ],
      [
        0.1929471206788513,
        0.1450126546629331,
        0.9704343041181869
      ]
    ],
    "t": [
      -0.15548901602634893,
      0.12818826826443067,
      -0.22927620130066328
    ]
  },
  {
    "frame_id": 23,
    "timestamp": 1305031454.127701,
    "R": [
      [
        0.9679950963126928,
        0.09966806447840605,
        -0.23032969942608142
      ],
      [
        -0.13163666434627902,
        0.9830186637229669,
        -0.1278518493104333
      ],
      [
        0.21367564698478345,
        0.15407979651933917,
        0.964677217617475
      ]
    ],
    "t": [
      -0.17198048763487742,
      0.12911327863017655,
      -0.2345796879560329
    ]
  },
  {
    "frame_id": 24,
    "timestamp": 1305031454.159672,
    "R": [
      [
        0.9582661304690431,
        0.1220381396907908,
        -0.25852024225715464
      ],
      [
        -0.15928010013911864,
        0.9788577031863406,
        -0.12832554933618748
      ],
      [
        0.2373939192472276,
        0.16414715767741145,
        0.9574444306229306
      ]
    ],
    "t": [
      -0.18578804008609245,
      0.13969092733996474,
      -0.2354857185056264
    ]
  },
  {
    "frame_id": 25,
    "timestamp": 1305031454.191658,
    "R": [
      [
        0.9447935374858176,
        0.1480593706050772,
        -0.2923073627212688
      ],
      [
        -0.18866944197610067,
        0.9751812907483061,
        -0.11586756163350656
      ],
      [
        0.26789739302475823,
        0.1646203904457041,
        0.9492792602074703
      ]
    ],
    "t": [
      -0.196147419356204,
      0.14020644940211305,
      -0.23463596228241512
    ]
  },
  {
    "frame_id": 26,
    "timestamp": 1305031454.227671,
    "R": [
      [
        0.9298393259484781,
        0.18068966832411726,
        -0.3205465203064923
      ],
      [
        -0.22480764726855026,
        0.96860682114428,
        -0.10612420912474184
      ],
      [
        0.29130799791502304,
        0.17073977214958838,
        0.9412691329035748
      ]
    ],
    "t": [
      -0.21795903276085585,
      0.13311461643523104,
      -0.23256025127725075
    ]
  },
  {
    "frame_id": 27,
    "timestamp": 1305031454.259627,
    "R": [
      [
        0.9120621741268541,
        0.20589259223001613,
        -0.3546136362180682
      ],
      [
        -0.2597493850086912,
        0.9592621580144179,
        -0.11111421686322819
      ],
      [
        0.31728984779630565,
        0.19345374813201763,
        0.9283872036058398
      ]
    ],
    "t": [
      -0.217079534203335,
      0.13973562159049624,
      -0.23012397280998825
    ]
  },
  {
    "frame_id": 28,
    "timestamp": 1305031454.291639,
    "R": [
      [
        0.9013616466321719,
        0.2278197113990006,
        -0.36830063953055503
      ],
      [
        -0.28307338129579235,
        0.9535581921207974,
        -0.10293801552916923
      ],
      [
        0.32774478299784837,
        0.19704048654373701,
        0.9239904782411454
      ]
    ],
    "t": [
      -0.2268716568872783,
      0.14580532813164584,
      -0.23272538529193448
    ]
  },
  {
    "frame_id": 29,
    "timestamp": 1305031454.327699,
    "R": [
      [
        0.887314950683022,
        0.25919189587256225,
        -0.38143379426628277
      ],
      [
        -0.31451634978422044,
        0.9450248988733337,
        -0.08948411159449028
      ],
      [
        0.33727087631871805,
        0.19936775472335577,
        0.9200548105215101
      ]
    ],
    "t": [
      -0.2480620028224965,
      0.13760688117453254,
      -0.23772039480774762
    ]
  },
  {
    "frame_id": 30,
    "timestamp": 1305031454.359636,
    "R": [
      [
        0.8690452821698542,
        0.2785038413390759,
        -0.40889596219294866
      ],
      [
        -0.34364345269613283,
        0.9343901833382181,
        -0.09393701453767742
      ],
      [
        0.35590655368705865,
        0.22214993954658183,
        0.9077334021627996
      ]
    ],
    "t": [
      -0.24968214598223676,
      0.14400621758679755,
      -0.23485431136625476
    ]
  },
  {
    "frame_id": 31,
    "timestamp": 1305031454.391677,
    "R": [
      [
        0.854146580028041,
        0.29974725513427347,
        -0.4249531772629429
      ],
      [
        -0.3694814688284794,
        0.9248402377608219,
        -0.09029938433265113
      ],
      [
        0.3659468049030498,
        0.2341412344248129,
        0.9007001822600427
      ]
    ],
    "t": [
      -0.2571339364741958,
      0.1513681145664429,
      -0.23811581741258092
    ]
  },
  {
    "frame_id": 32,
    "timestamp": 1305031454.427465,
    "R": [
      [
        0.8350441552238648,
        0.32603096850716934,
        -0.44317611217295905
      ],
      [
        -0.3994208195367641,
        0.9132013757827995,
        -0.08078524734740855
      ],
      [
        0.3783705429166517,
        0.24447301454900794,
        0.8927870280253174
      ]
    ],
    "t": [
      -0.27334805405321544,
      0.15427289113502002,
      -0.24406970656652865
    ]
  },
  {
    "frame_id": 33,
    "timestamp": 1305031454.459913,
    "R": [
      [
        0.8130233850643309,
        0.3488045546684069,
        -0.4661848967749933
      ],
      [
        -0.428527643958275,
        0.9005289593250141,
        -0.07356392988807199
      ],
      [
        0.394153566141557,
        0.25958231076015487,
        0.8816234968728497
      ]
    ],
    "t": [
      -0.27152974014075726,
      0.1575265419555968,
      -0.24181863303322323
    ]
  },
  {
    "frame_id": 34,
    "timestamp": 1305031454.491617,
    "R": [
      [
        0.7954498702964979,
        0.3752329070576422,
        -0.47587789327342744
      ],
      [
        -0.45845787660194987,
        0.8861411650284369,
        -0.06760333589162562
      ],
      [
        0.39632799450318423,
        0.271945033238549,
        0.876909356587081
      ]
    ],
    "t": [
      -0.27671869050350395,
      0.16290920726215177,
      -0.24506952310193453
    ]
  },
  {
    "frame_id": 35,
    "timestamp": 1305031454.5277,
    "R": [
      [
        0.7746817157886703,
        0.40053417234584765,
        -0.4893266966004908
      ],
      [
        -0.4866959068404306,
        0.8717108269939845,
        -0.056985334659318355
      ],
      [
        0.40372680551022716,
        0.28229879717188044,
        0.8702367813577042
      ]
    ],
    "t": [
      -0.2778949419942362,
      0.17130110164224388,
      -0.2452564418083014
    ]
  },
  {
    "frame_id": 36,
    "timestamp": 1305031454.559575,
    "R": [
      [
        0.7571262932930123,
        0.4223035469513683,
        -0.49841698429796416
      ],
      [
        -0.5095184663272382,
        0.8592307198453173,
        -0.04597284574220912
      ],
      [
        0.408840688381089,
        0.28875990771987603,
        0.8657176255671858
      ]
    ],
    "t": [
      -0.2841671849792056,
      0.18341083286729076,
      -0.24652812655938885
    ]
  },
  {
    "frame_id": 37,
    "timestamp": 1305031454.591635,
    "R": [
      [
        0.7311692407988803,
        0.4510227072904737,
        -0.5118301073773999
      ],
      [
        -0.539495696609288,
        0.8414825935655055,
        -0.029179411685800283
      ],
      [
        0.41753554896517264,
        0.2974652286144416,
        0.8585909987390445
      ]
    ],
    "t": [
      -0.29469278415576733,
      0.1932625834429527,
      -0.24998317532504394
    ]
  },
  {
    "frame_id": 38,
    "timestamp": 1305031454.62758,
    "R": [
      [
        0.7030114497107874,
        0.4688509117928663,
        -0.5347464110085592
      ],
      [
        -0.5605574830695609,
        0.8280432661691064,
        -0.010938808285970773
      ],
      [
        0.43766449450493006,
        0.3074462097066676,
        0.8449417840222768
      ]
    ],
    "t": [
      -0.2964657247048923,
      0.19917482935079725,
      -0.24797672486417258
    ]
  },
  {
    "frame_id": 39,
    "timestamp": 1305031454.659528,
    "R": [
      [
        0.6828752001946796,
        0.4778486268977975,
        -0.5525777327498511
      ],
      [
        -0.5693982001363227,
        0.8220303280673321,
        0.007199265172959754
      ],
      [
        0.4576758139126347,
        0.30972056681693566,
        0.8334302729382966
      ]
    ],
    "t": [
      -0.2947946406740234,
      0.2112217117347938,
      -0.25064119080269653
    ]
  },
  {
    "frame_id": 40,
    "timestamp": 1305031454.691884,
    "R": [
      [
        0.6574456174911454,
        0.4923061801340757,
        -0.5704383271165093
      ],
      [
        -0.5799704516927392,
        0.8139271402945585,
        0.03401301890809249
      ],
      [
        0.4810400557178234,
        0.3084756640218435,
        0.820635869007245
      ]
    ],
    "t": [
      -0.2981643508516541,
      0.21642011819582244,
      -0.2524194785625788
    ]
  },
  {
    "frame_id": 41,
    "timestamp": 1305031454.727659,
    "R": [
      [
        0.6340780468986891,
        0.49541062876786635,
        -0.593728338000614
      ],
      [
        -0.5824088452540905,
        0.811049781893143,
        0.0547557144130362
      ],
      [
        0.5086698019451722,
        0.3110732392780075,
        0.8028003938677079
      ]
    ],
    "t": [
      -0.2894811341464091,
      0.2187975010149997,
      -0.2475470076427513
    ]
  },
  {
    "frame_id": 42,
    "timestamp": 1305031454.759732,
    "R": [
      [
        0.6301587715601623,
        0.49021353075158686,
        -0.6021549774716224
      ],
      [
        -0.5719159126816677,
        0.8175661059680799,
        0.06706602115591219
      ],
      [
        0.5251781711450715,
        0.30211977201145457,
        0.7955573718547674
      ]
    ],
    "t": [
      -0.28275936745263175,
      0.22396478931649103,
      -0.24499884759598003
    ]
  },
  {
    "frame_id": 43,
    "timestamp": 1305031454.791641,
    "R": [
      [
        0.6337134542031366,
        0.4814480926588012,
        -0.6054874003950301
      ],
      [
        -0.5571739452799355,
        0.8270495078223236,
        0.07447352759231869
      ],
      [
        0.5366231943022223,
        0.29016692727817,
        0.7923627336332929
      ]
    ],
    "t": [
      -0.2778207833354244,
      0.22815216663504762,
      -0.24390007702319683
    ]
  },
  {
    "frame_id": 44,
    "timestamp": 1305031454.82757,
    "R": [
      [
        0.6383485115672315,
        0.47254091543644655,
        -0.607631682039692
      ],
      [
        -0.543750674743543,
        0.8355619259938725,
        0.07855871400011735
      ],
      [
        0.5448361051691067,
        0.28025229895202564,
        0.7903241533929369
      ]
    ],
    "t": [
      -0.2688558689742352,
      0.23694733109323865,
      -0.24344107145325525
    ]
  },
  {
    "frame_id": 45,
    "timestamp": 1305031454.85962,
    "R": [
      [
        0.6493761747192544,
        0.4649956126095052,
        -0.6017388669189482
      ],
      [
        -0.5289496164808438,
        0.8446908085935391,
        0.08191300935969498
      ],
      [
        0.5463724800278258,
        0.2650971862006538,
        0.794481337060059
      ]
    ],
    "t": [
      -0.2635504505691383,
      0.2442190521013092,
      -0.24227734644623428
    ]
  },
  {
    "frame_id": 46,
    "timestamp": 1305031454.891764,
    "R": [
      [
        0.6632526625665494,
        0.4567414047145304,
        -0.5928601815080691
      ],
      [
        -0.5144908152084168,
        0.8535650997105898,
        0.08201110670043249
      ],
      [
        0.5435026280199221,
        0.2506270332096051,
        0.801118582707947
      ]
    ],
    "t": [
      -0.25998667602572356,
      0.2511586967428859,
      -0.24229535092383073
    ]
  },
  {
    "frame_id": 47,
    "timestamp": 1305031454.927567,
    "R": [
      [
        0.677439614399143,
        0.44984843858215506,
        -0.5819896486604702
      ],
      [
        -0.5022658131148964,
        0.8609286947020699,
        0.08081358558201805
      ],
      [
        0.537405453841671,
        0.23756717985400944,
        0.8091706947470604
      ]
    ],
    "t": [
      -0.2590339001550159,
      0.2608106357861771,
      -0.24354266119092033
    ]
  },
  {
    "frame_id": 48,
    "timestamp": 1305031454.959648,
    "R": [
      [
        0.691317303123786,
        0.4429584556151971,
        -0.5708486603300869
      ],
      [
        -0.49108394296919106,
        0.8675695021115771,
        0.07848388346471173
      ],
      [
        0.5300159878338461,
        0.2260773442980734,
        0.8172955934272756
      ]
    ],
    "t": [
      -0.26068279602985217,
      0.27113541710890676,
      -0.24763593355556232
    ]
  },
  {
    "frame_id": 49,
    "timestamp": 1305031454.991937,
    "R": [
      [
        0.7032595097208416,
        0.43542763150439606,
        -0.5619865120353632
      ],
      [
        -0.47896874243018467,
        0.8743528832344958,
        0.07807675297021271
      ],
      [
        0.5253713027583911,
        0.2142657539178766,
        0.8234532050675102
      ]
    ],
    "t": [
      -0.2641929595938031,
      0.27952895115681703,
      -0.25492421924589365
    ]
  },
  {
    "frame_id": 50,
    "timestamp": 1305031455.027799,
    "R": [
      [
        0.7078704649958715,
        0.42939516323096333,
        -0.5608379432424158
      ],
      [
        -0.47330155108316374,
        0.8777330244159229,
        0.07463497566120154
      ],
      [
        0.524313881686152,
        0.2126135735166764,
        0.8245546809203552
      ]
    ],
    "t": [
      -0.26474426269536516,
      0.292194971124694,
      -0.2587506824531998
    ]
  },
  {
    "frame_id": 51,
    "timestamp": 1305031455.059636,
    "R": [
      [
        0.7135612504942496,
        0.42787334542790373,
        -0.5547564709540725
      ],
      [
        -0.4696239149289177,
        0.879721517067865,
        0.07445422039515788
      ],
      [
        0.5198881805926344,
        0.20739925911185855,
        0.8286747413792293
      ]
    ],
    "t": [
      -0.26943378489793296,
      0.29973480425892385,
      -0.2608564612443617
    ]
  },
  {
    "frame_id": 52,
    "timestamp": 1305031455.0917,
    "R": [
      [
        0.7191876746084317,
        0.4261419395707971,
        -0.5487915232856242
      ],
      [
        -0.47048759842508087,
        0.8798845380460845,
        0.06666797908762827
      ],
      [
        0.5112831978654457,
        0.21025281697582018,
        0.8332966125781478
      ]
    ],
    "t": [
      -0.2748685497720089,
      0.30954897492408473,
      -0.26665035261982123
    ]
  },
  {
    "frame_id": 53,
    "timestamp": 1305031455.127695,
    "R": [
      [
        0.7268982386665194,
        0.42356083358262997,
        -0.5405693025674873
      ],
      [
        -0.46953756935110197,
        0.8809470124438787,
        0.058879811769941254
      ],
      [
        0.5011520942701637,
        0.21101796492477184,
        0.8392365559767024
      ]
    ],
    "t": [
      -0.28092276146789524,
      0.3225283656846252,
      -0.2718762821194961
    ]
  },
  {
    "frame_id": 54,
    "timestamp": 1305031455.15972,
    "R": [
      [
        0.7368166393372766,
        0.4185199229365236,
        -0.5309824046999373
      ],
      [
        -0.46241312305033244,
        0.8849060496865147,
        0.05581565066400143
      ],
      [
        0.4932295040106175,
        0.20440733189740048,
        0.8455426062831052
      ]
    ],
    "t": [
      -0.29006109992368534,
      0.3326496018577021,
      -0.278221547841002
    ]
  },
  {
    "frame_id": 55,
    "timestamp": 1305031455.191655,
    "R": [
      [
        0.7466043788254173,
        0.4114999768100379,
        -0.5227328864764977
      ],
      [
        -0.4510807877797811,
        0.8906689376191423,
        0.05687676552301926
      ],
      [
        0.4889867323503624,
        0.19333032003730474,
        0.8505970626210676
      ]
    ],
    "t": [
      -0.30002752086544154,
      0.341756250618312,
      -0.2815798735766486
    ]
  },
  {
    "frame_id": 56,
    "timestamp": 1305031455.227581,
    "R": [
      [
        0.7552690128594551,
        0.4023801686822955,
        -0.5173576307212561
      ],
      [
        -0.440975522283302,
        0.8959486748800023,
        0.05307127968814201
      ],
      [
        0.4848807141568668,
        0.18805895839330652,
        0.8541220762904747
      ]
    ],
    "t": [
      -0.30938086207433585,
      0.34916940100465843,
      -0.2848479621117855
    ]
  },
  {
    "frame_id": 57,
    "timestamp": 1305031455.259631,
    "R": [
      [
        0.766579565937832,
        0.3911690622366129,
        -0.5092568446623902
      ],
      [
        -0.42806378556105423,
        0.9024294139214951,
        0.04881135503596113
      ],
      [
        0.478661847840106,
        0.180576625392756,
        0.8592292579888441
      ]
    ],
    "t": [
      -0.31608506715459367,
      0.3643097021653316,
      -0.28838720750894087
    ]
  },
  {
    "frame_id": 58,
    "timestamp": 1305031455.291831,
    "R": [
      [
        0.7814017679931109,
        0.38206861129411307,
        -0.49339117669555926
      ],
      [
        -0.40800587308333025,
        0.9110502356727189,
        0.05931842555389272
      ],
      [
        0.4721678562828584,
        0.1549549752169038,
        0.867782502213993
      ]
    ],
    "t": [
      -0.3299996252395689,
      0.36733496210902533,
      -0.2944158610453636
    ]
  },
  {
    "frame_id": 59,
    "timestamp": 1305031455.327766,
    "R": [
      [
        0.7944314482719061,
        0.3648106888375522,
        -0.48558401467353973
      ],
      [
        -0.3856126496788971,
        0.9206555178341441,
        0.0607972194196754
      ],
      [
        0.46923507797715,
        0.13894811546550248,
        0.8720733127463329
      ]
    ],
    "t": [
      -0.3419151226772659,
      0.3788437287257224,
      -0.3015066324175853
    ]
  },
  {
    "frame_id": 60,
    "timestamp": 1305031455.35963,
    "R": [
      [
        0.800207503661966,
        0.3569164351039728,
        -0.4819529120523667
      ],
      [
        -0.3717155999961316,
        0.9258195543744503,
        0.06845192077224871
      ],
      [
        0.47063304580384135,
        0.12437367523140044,
        0.8735191612705663
      ]
    ],
    "t": [
      -0.3472757847346248,
      0.39127991166030185,
      -0.3030472367894198
    ]
  },
  {
    "frame_id": 61,
    "timestamp": 1305031455.391665,
    "R": [
      [
        0.8132537240470181,
        0.35030788748403907,
        -0.4646533808013521
      ],
      [
        -0.3526973074514216,
        0.9318480831242741,
        0.08522769088819199
      ],
      [
        0.4628422945671386,
        0.09457025930008675,
        0.8813815725415074
      ]
    ],
    "t": [
      -0.35973201553141476,
      0.3906186542770555,
      -0.3054507362637723
    ]
  },
  {
    "frame_id": 62,
    "timestamp": 1305031455.427642,
    "R": [
      [
        0.8292160864367535,
        0.33728304736844805,
        -0.44569140439587557
      ],
      [
        -0.33176420361958886,
        0.9387511482328788,
        0.09316004985030751
      ],
      [
        0.44981462314066073,
        0.07061464189036892,
        0.8903259948802575
      ]
    ],
    "t": [
      -0.3750788895620841,
      0.3933448375357266,
      -0.3171836634619868
    ]
  },
  {
    "frame_id": 63,
    "timestamp": 1305031455.459589,
    "R": [
      [
        0.8394375555084805,
        0.3251904100935025,
        -0.435425984049145
      ],
      [
        -0.3139229408044504,
        0.9441736627573581,
        0.0999423923670038
      ],
      [
        0.44361805377895996,
        0.052794807875152165,
        0.8946595612984828
      ]
    ],
    "t": [
      -0.39038385918634233,
      0.39252837473546914,
      -0.32495241134277497
    ]
  },
  {
    "frame_id": 64,
    "timestamp": 1305031455.491637,
    "R": [
      [
        0.8504625798931282,
        0.3074549980961251,
        -0.4268311426632739
      ],
      [
        -0.293484951297259,
        0.950713891215915,
        0.10004839034756585
      ],
      [
        0.4365546741973677,
        0.04018110494753876,
        0.898780003806062
      ]
    ],
    "t": [
      -0.4031500109299954,
      0.3993132423294754,
      -0.33356737897816696
    ]
  },
  {
    "frame_id": 65,
    "timestamp": 1305031455.52761,
    "R": [
      [
        0.8627370652154753,
        0.2871117532518638,
        -0.41623502669529105
      ],
      [
        -0.2677125068836013,
        0.9576832624908271,
        0.10570138316513769
      ],
      [
        0.4289694277701926,
        0.020238821348251744,
        0.9030922545061202
      ]
    ],
    "t": [
      -0.4211073343457499,
      0.39677577440859046,
      -0.34442456860866943
    ]
  },
  {
    "frame_id": 66,
    "timestamp": 1305031455.559669,
    "R": [
      [
        0.8717388595789864,
        0.26305200830780234,
        -0.413370296012135
      ],
      [
        -0.24248709373076718,
        0.9647206386489255,
        0.10253827938294695
      ],
      [
        0.425759756287433,
        0.010850358982127864,
        0.9047711863427265
      ]
    ],
    "t": [
      -0.44054350741527665,
      0.4004313125495524,
      -0.35694839378718807
    ]
  },
  {
    "frame_id": 67,
    "timestamp": 1305031455.591645,
    "R": [
      [
        0.8787134024025598,
        0.23778542121885626,
        -0.4139092290513562
      ],
      [
        -0.2155181725680353,
        0.9713172754047009,
        0.10047222398913559
      ],
      [
        0.42592801472907543,
        0.0009186708657471886,
        0.9047565873276574
      ]
    ],
    "t": [
      -0.4547737470641144,
      0.4056736355677281,
      -0.36988478428827576
    ]
  },
  {
    "frame_id": 68,
    "timestamp": 1305031455.627617,
    "R": [
      [
        0.887041768719116,
        0.21693270638581763,
        -0.40755012139341457
      ],
      [
        -0.18905060025186327,
        0.9760057331756096,
        0.10804017471640319
      ],
      [
        0.4212087025360142,
        -0.01878855259101584,
        0.9067691101925904
      ]
    ],
    "t": [
      -0.4728745173103735,
      0.3999370936331662,
      -0.37884961292448344
    ]
  },
  {
    "frame_id": 69,
    "timestamp": 1305031455.659615,
    "R": [
      [
        0.8918575849957275,
        0.2068820047883468,
        -0.4022311327835565
      ],
      [
        -0.18052867076920157,
        0.9781795139405159,
        0.10283111171917368
      ],
      [
        0.4147281605050395,
        -0.019096455216882448,
        0.909744952325791
      ]
    ],
    "t": [
      -0.4902730022157676,
      0.3949457609010294,
      -0.39139092191492175
    ]
  },
  {
    "frame_id": 70,
    "timestamp": 1305031455.691605,
    "R": [
      [
        0.8940238332176214,
        0.20664422703227112,
        -0.3975167280418598
      ],
      [
        -0.1847212507100904,
        0.9783665842914359,
        0.09314980557150188
      ],
      [
        0.40816595298355135,
        -0.009848359058435058,
        0.9128546240496815
      ]
    ],
    "t": [
      -0.5071063413729309,
      0.3979791574488362,
      -0.4039311806157013
    ]
  },
  {
    "frame_id": 71,
    "timestamp": 1305031455.727628,
    "R": [
      [
        0.895244157613827,
        0.21571591598331782,
        -0.3898775985482976
      ],
      [
        -0.1955239075939298,
        0.9764406928657147,
        0.09129060671900235
      ],
      [
        0.40038518930838307,
        -0.005496990758707869,
        0.9163304443676904
      ]
    ],
    "t": [
      -0.5227200720927414,
      0.3950283603590729,
      -0.414975948261782
    ]
  },
  {
    "frame_id": 72,
    "timestamp": 1305031455.759683,
    "R": [
      [
        0.8992451311668256,
        0.2209084550949132,
        -0.37756807139949927
      ],
      [
        -0.2032952045960463,
        0.9752940586540249,
        0.08644396417570936
      ],
      [
        0.38733609935172625,
        -0.0009765355796703245,
        0.9219380632760811
      ]
    ],
    "t": [
      -0.5394117703593239,
      0.3959059756019337,
      -0.4259341790115287
    ]
  },
  {
    "frame_id": 73,
    "timestamp": 1305031455.791666,
    "R": [
      [
        0.9050353635318541,
        0.21892218795525384,
        -0.3646698045871762
      ],
      [
        -0.2018871823342629,
        0.9757375400996522,
        0.0847220068778577
      ],
      [
        0.3743695451901728,
        -0.0030542529633589607,
        0.9272745629925039
      ]
    ],
    "t": [
      -0.557688919743545,
      0.38645854588509854,
      -0.43961808146110076
    ]
  },
  {
    "frame_id": 74,
    "timestamp": 1305031455.82759,
    "R": [
      [
        0.908782066573417,
        0.2174097021580748,
        -0.356157516952944
      ],
      [
        -0.20304773644578986,
        0.9760789913926209,
        0.07772656744128707
      ],
      [
        0.3645363798015096,
        0.0016804670484973907,
        0.931187630841233
      ]
    ],
    "t": [
      -0.5743166611463721,
      0.3854997346002548,
      -0.4554130557524033
    ]
  },
  {
    "frame_id": 75,
    "timestamp": 1305031455.859526,
    "R": [
      [
        0.9102376601551881,
        0.22062711269072469,
        -0.3504155806766624
      ],
      [
        -0.2066604595477561,
        0.9753560238748364,
        0.07727924139495543
      ],
      [
        0.35882984337248,
        0.0020745690694206464,
        0.9334006854874587
      ]
    ],
    "t": [
      -0.5891779086707238,
      0.381688340835321,
      -0.4679115493802542
    ]
  },
  {
    "frame_id": 76,
    "timestamp": 1305031455.891657,
    "R": [
      [
        0.9128395499923563,
        0.21993273117786188,
        -0.3440255073775764
      ],
      [
        -0.2076009192498951,
        0.9755023157882448,
        0.07278111168682508
      ],
      [
        0.3516046278084961,
        0.004982534336851594,
        0.936135332126307
      ]
    ],
    "t": [
      -0.6020207883111305,
      0.3829368207332059,
      -0.476764990913287
    ]
  },
  {
    "frame_id": 77,
    "timestamp": 1305031455.927955,
    "R": [
      [
        0.9154391045173474,
        0.22232425459579144,
        -0.33547454708055385
      ],
      [
        -0.209415257471124,
        0.9749709506466899,
        0.07467861362794939
      ],
      [
        0.3436808051939763,
        0.0018897654657159218,
        0.9390846250086862
      ]
    ],
    "t": [
      -0.614609296488968,
      0.37724862077133786,
      -0.48759635475368374
    ]
  },
  {
    "frame_id": 78,
    "timestamp": 1305031455.959716,
    "R": [
      [
        0.9173709881546739,
        0.2265874950692226,
        -0.3272439108224511
      ],
      [
        -0.21501692118536098,
        0.9739797180556053,
        0.07163262120215698
      ],
      [
        0.3349599882017038,
        0.004649289685368073,
        0.9422208819641688
      ]
    ],
    "t": [
      -0.6259139646193164,
      0.3775011057238487,
      -0.49910923600698376
    ]
  },
  {
    "frame_id": 79,
    "timestamp": 1305031455.991694,
    "R": [
      [
        0.9195921101758537,
        0.23207071622763648,
        -0.31700715066369134
      ],
      [
        -0.21970451131740865,
        0.9726984926382952,
        0.07475005100979593
      ],
      [
        0.32569967548202916,
        0.0009083439768394843,
        0.9454728427099959
      ]
    ],
    "t": [
      -0.6363989935969249,
      0.3753018989376041,
      -0.5076776177262738
    ]
  },
  {
    "frame_id": 80,
    "timestamp": 1305031456.02777,
    "R": [
      [
        0.9221692506024723,
        0.23978478910536544,
        -0.3034915619205416
      ],
      [
        -0.22635004348908688,
        0.9708161280672728,
        0.07925719713033677
      ],
      [
        0.31363917334376934,
        -0.004393221843249578,
        0.9495320787346118
      ]
    ],
    "t": [
      -0.6453956158832674,
      0.38099880954042764,
      -0.5177952634855932
    ]
  },
  {
    "frame_id": 81,
    "timestamp": 1305031456.059713,
    "R": [
      [
        0.9225745681028255,
        0.258307084965975,
        -0.28658963021411954
      ],
      [
        -0.23909669846794324,
        0.9657537851830009,
        0.10075909480754303
      ],
      [
        0.30280180823702924,
        -0.024435143975155962,
        0.9527402524651191
      ]
    ],
    "t": [
      -0.6608266708465454,
      0.37236625254600997,
      -0.5237329574691073
    ]
  },
  {
    "frame_id": 82,
    "timestamp": 1305031456.091707,
    "R": [
      [
        0.92323333117178,
        0.2707298311882289,
        -0.27266384930579174
      ],
      [
        -0.2483246766932054,
        0.9619134252642689,
        0.1142690563607525
      ],
      [
        0.29321505957005933,
        -0.03778783932900781,
        0.955299433706611
      ]
    ],
    "t": [
      -0.6760788809669531,
      0.3625083231483829,
      -0.5294181671691213
    ]
  },
  {
    "frame_id": 83,
    "timestamp": 1305031456.127645,
    "R": [
      [
        0.9253230154855915,
        0.27408541801010955,
        -0.26202003863612305
      ],
      [
        -0.2515521876976535,
        0.9607857238959489,
        0.1166717173194175
      ],
      [
        0.28372312890770185,
        -0.042047311352345476,
        0.9579839297873751
      ]
    ],
    "t": [
      -0.6887327016319021,
      0.35642213892464064,
      -0.534279641027527
    ]
  },
  {
    "frame_id": 84,
    "timestamp": 1305031456.159731,
    "R": [
      [
        0.9277667098681082,
        0.2755350038571844,
        -0.25165332048261735
